1 45 73 2 49 84 66 51 12 11 69 28 33 93 90 52 9 37 79 90 3 -1
2 15 55 43 65 34 32 22 47 94 48 16 86 1 20 18 41 79 93 66 55 -1
3 24 35 80 87 88 95 24 9 8 64 42 69 28 85 30 83 71 39 15 16 -1
4 62 86 8 77 40 45 16 54 43 90 15 23 48 8 93 26 51 33 57 78 -1
5 23 50 71 1 56 25 33 9 24 66 17 76 42 76 7 48 99 58 65 36 -1
6 54 76 14 16 37 80 52 24 54 43 75 71 12 57 35 75 66 99 47 81 -1
7 7 61 65 5 55 46 85 70 98 16 34 71 18 85 81 26 58 83 61 84 -1
8 29 60 32 72 47 12 75 56 75 48 100 42 76 100 82 20 18 40 100 25 -1
9 28 72 37 46 29 28 93 56 63 49 96 23 42 86 46 31 11 31 60 58 -1
10 39 81 80 24 25 96 67 66 2 45 24 79 31 36 24 30 81 54 44 42 -1
